



0 0 1.10667424007 -0.0131761482294 -2.04097541755 -62.498275212 -20.4404093511 12.4064844157 363.462303384 649.569362024
0 0 1.10667424007 -0.0131761482294 -2.04097541755 -62.498275212 -20.4404093511 12.4064844157 363.462303384 649.569362024
90 90 0.898795355836 0.300981110454 -2.10756803342 -69.8753792193 -26.5389951566 12.3429123254 365.388356833 645.38183825
90 90 0.898795355836 0.300981110454 -2.10756803342 -69.8753792193 -26.5389951566 12.3429123254 365.388356833 645.38183825
90 90 0.898795355836 0.300981110454 -2.10756803342 -69.8753792193 -26.5389951566 12.3429123254 365.388356833 645.38183825
-180 -180 -0.94982405151 0.46982073845 -0.00176396545133 -0.9678059693 0.138378051312 179.102110839 383.70831543 325.856174169
-135 -135 -0.314243984084 0.869105079922 -0.0191941875944 -1.52868229179 -0.00162319202235 -135.948755492 363.874079897 305.127558373
-90 -90 0.430149009101 0.679094087826 0.00235297692738 -1.04698366684 1.04875022992 -90.1928116055 373.818049596 279.306098397
-45 -45 0.825302744421 0.0522478536357 -0.0105931639676 -0.22876896693 -0.105177575212 -45.874803021 406.521798127 263.781181876
0 0 0.689504902328 -0.686870556923 -0.0281863497802 0.648470518831 -0.071043809002 -1.14397075358 442.768934591 266.272050959
45 45 -0.00971285677748 -1.07081046704 -0.011833664521 -1.00439113973 -0.910936967888 44.1333534023 463.712168431 285.217657097
90 90 -0.648287397399 0.131889631157 -0.935306333352 -95.9275402755 -5.26088809197 96.1092262605 454.812862965 311.924735332
135 135 -1.14023972172 -0.278698605538 -0.0332621790156 -1.38904060645 -0.406680248753 133.780318807 422.697571616 328.609873309
180 180 -0.951312437536 0.456798557401 -0.000955464552637 -0.951360594337 -0.196998993293 178.38156329 383.591512251 325.84980818
-180 -180 -1.15380985882 1.62856416596 0.0320479931072 -0.233415015629 1.17826374075 179.534535792 704.126654704 340.183919047
-135 -135 0.343260511094 1.82925815531 -0.0371003211967 -1.43526539495 -0.541409901385 -136.175179398 677.28624931 319.11183337
-90 -90 1.58143597241 0.880641041876 0.0092446738236 -1.0159588894 0.656262223485 -90.4290360674 679.733917695 292.653791043
-45 -45 1.78242036573 -0.620808991326 -0.0346850783748 -0.102660781449 -0.692167131589 -45.4346796516 708.6125179 276.644231641
0 0 0.834705734494 -1.84801906346 0.00245031254768 0.650458620005 0.062757862035 -0.00753957925323 746.768379256 279.404525615
45 45 -0.643756430347 -2.0509538457 -0.0717367883448 -0.46615806418 -1.51719831115 43.9325353789 773.433085556 298.874374444
90 90 -1.88605004896 -1.11521812109 -0.0139098072612 -0.307874019669 -0.265777625792 89.2348846832 773.677698305 325.556987171
135 135 -2.09100640056 0.404809391616 -0.0446724271457 -1.05577745179 -0.790490986065 134.312134403 744.692031871 343.117348405
180 180 -1.1400739308 1.63513899087 0.0340336823829 -0.217998187586 1.0985741254 179.866937116 703.886428653 340.15314795
-180 -180 -0.0280611233447 1.07890305561 -1.59755637953 -69.4755179829 -33.0212412544 170.258591686 753.260321517 216.427284387
